 2303312 1802592 1502160 1502160 1001440 2503600 1101584 3104464 2503600 2103024 2303312 2403456 1802592 2303312 1502160 33047520 1
 2403456 1902736 1201728 1402016 701008 3304752 1702448 3304752 2103024 2403456 2403456 2603744 1402016 1902736 1201728 32747088 1
 2203168 2002880 1502160 1402016 1001440 2303312 1101584 2904176 2103024 2103024 2303312 22031680 2002880 1802592 2403456 52074880 1
 2403456 1902736 901296 1702448 1001440 2103024 901296 3104464 1702448 1902736 2303312 2703888 2503600 4306192 2203168 34449536 1
 2103024 2002880 1502160 1402016 701008 3004320 2804032 3004320 1802592 1402016 2203168 3104464 2303312 2103024 1902736 34149104 1
 2203168 1802592 1201728 2002880 1201728 1802592 1201728 2603744 1502160 1301872 2403456 2403456 1502160 1802592 1702448 29242048 1
 2403456 2002880 1301872 1602304 1001440 2303312 1001440 2703888 1802592 1301872 2203168 2503600 1301872 2002880 2002880 30143344 1
 2303312 2002880 1402016 1201728 901296 2103024 1001440 2904176 1602304 1402016 2403456 2603744 1602304 1902736 1502160 29141904 1
 2203168 1902736 1301872 1301872 1001440 2203168 1001440 2603744 1702448 1602304 2303312 4206048 2002880 1902736 2403456 32346512 1
 2203168 1902736 901296 1402016 701008 2203168 1201728 2503600 1502160 1702448 2103024 2603744 1402016 1702448 1602304 28240608 1
 2203168 2103024 1201728 1402016 600864 2403456 1001440 2503600 1602304 1702448 2203168 2703888 4005760 2103024 4005760 34950256 1
 2203168 1902736 1201728 1602304 701008 2203168 701008 2503600 1502160 1702448 2103024 2303312 1502160 1201728 1402016 26938736 1
 2002880 1802592 1201728 1301872 901296 2203168 801152 2703888 1702448 1201728 2303312 2503600 3505040 7510800 1902736 36552560 1
 2503600 1902736 2002880 1802592 1201728 2603744 1001440 2804032 1402016 1702448 2603744 2603744 1702448 3004320 2203168 33848672 1
 2203168 2002880 1201728 1201728 701008 2303312 901296 2703888 1301872 1502160 2203168 2503600 1602304 3404896 2303312 31044640 1
 2103024 2103024 1201728 1402016 1201728 1902736 2904176 2603744 1802592 1201728 2203168 2403456 1301872 2002880 1602304 30644064 1
 2203168 1902736 1101584 1101584 801152 2303312 1001440 2603744 1602304 1502160 2303312 2503600 2503600 2002880 6509360 34449536 1
 2503600 1902736 1001440 1402016 1001440 2303312 1001440 2603744 1602304 1402016 2203168 2403456 1802592 1702448 3404896 31044640 1
 2303312 2002880 1301872 1301872 801152 2403456 1301872 2603744 1602304 1502160 2203168 2603744 1602304 1702448 2002880 30243488 1
 2203168 2002880 1201728 1702448 1201728 1902736 1001440 2503600 1502160 1402016 2103024 2403456 1201728 1702448 1301872 28040320 1
 2103024 1902736 1201728 1101584 1001440 2103024 901296 2603744 1502160 1301872 2203168 2503600 1502160 1702448 2804032 29542480 1
 2203168 1902736 1201728 1602304 1402016 1902736 1201728 2303312 1502160 1201728 2403456 2303312 1201728 1702448 3505040 30443776 1
 2203168 1902736 1001440 1201728 1001440 2002880 801152 2503600 1602304 1402016 2403456 2303312 1402016 1502160 1502160 27439456 1
 2403456 2203168 1001440 1301872 701008 2203168 1201728 2603744 1101584 1201728 2403456 2203168 901296 1902736 1201728 27139024 1
 2303312 1902736 1402016 1301872 901296 2804032 1001440 2603744 1602304 1001440 2103024 2403456 1402016 2103024 2103024 29742768 1
 2303312 1902736 1201728 1402016 1001440 2503600 1001440 2603744 1502160 1402016 2103024 2403456 1201728 2303312 1201728 28941616 1
 2303312 2103024 1201728 1201728 901296 2403456 901296 2503600 1602304 1402016 2203168 2503600 1201728 4506480 1602304 32146224 1
 2403456 1802592 1001440 1702448 1201728 2103024 901296 2904176 1402016 1402016 2103024 2403456 1502160 1602304 1201728 28440896 1
 2002880 2002880 1201728 1101584 701008 2503600 801152 2603744 1602304 1101584 2303312 2103024 1502160 2804032 1702448 29141904 1
 2403456 1902736 1001440 1101584 1201728 2603744 1201728 2303312 1702448 1402016 2403456 2403456 901296 2904176 1602304 29642624 1
 2103024 2002880 1301872 1602304 1001440 2303312 1001440 2603744 1802592 1201728 2603744 2303312 1402016 4306192 1602304 31845792 1
 2103024 1902736 1201728 1201728 901296 2203168 1301872 3204608 1902736 801152 2403456 2703888 1201728 2103024 1402016 29141904 1
 2403456 2103024 1001440 1201728 801152 2002880 901296 2403456 1502160 1402016 2403456 2503600 1201728 1602304 1602304 27739888 1
 1902736 2103024 1201728 1502160 901296 2203168 701008 2804032 1702448 1201728 2303312 2603744 1702448 1802592 1902736 29442336 1
 2203168 2002880 1101584 1402016 1201728 1902736 801152 2503600 1502160 1301872 2103024 2603744 1502160 1402016 1502160 27739888 1
 2203168 2103024 1201728 1201728 901296 2403456 1402016 2603744 2203168 1301872 2403456 2904176 2603744 2804032 4706768 36151984 1
 0 801152 1702448 2203168 1001440 3004320 300432 2503600 1402016 1402016 2203168 2403456 2002880 1402016 1201728 26538160 1
 2103024 1902736 1001440 1301872 801152 2203168 1201728 2603744 1402016 1402016 2103024 2503600 2103024 1602304 2103024 28741328 1
 1602304 2103024 1001440 1301872 1001440 2904176 1602304 2403456 1301872 1502160 2203168 2403456 1502160 1301872 3204608 30343632 1
 2203168 1902736 1101584 1402016 1001440 2403456 901296 2603744 1402016 1502160 2203168 2303312 1402016 1201728 1702448 27739888 1
 2103024 2103024 1201728 1101584 1101584 2002880 1502160 2203168 1201728 1402016 2203168 2203168 1301872 1402016 1201728 27139024 1
 1902736 2103024 1201728 1201728 500720 2603744 1201728 2503600 1502160 1402016 1902736 2603744 1402016 1702448 1502160 28240608 1
 2203168 1902736 1201728 1001440 1001440 2303312 1201728 3104464 1702448 1502160 2503600 8011520 2503600 1502160 2002880 36151984 1
 2103024 2103024 1201728 1001440 1001440 2303312 901296 2904176 1702448 2103024 2603744 7610944 2103024 2403456 2403456 36752848 1
 2203168 2103024 1201728 1101584 801152 2503600 701008 2603744 1702448 1301872 2503600 3805472 3304752 1502160 2703888 32646944 1
 2403456 2203168 901296 1402016 1001440 2103024 1001440 3004320 1702448 2403456 2503600 2904176 3104464 2804032 1502160 33548240 1
 2103024 2002880 1101584 1402016 1001440 2103024 801152 2703888 1702448 1802592 2403456 3004320 2303312 2503600 1902736 31244928 1
 2203168 2103024 1402016 1001440 1101584 2203168 901296 2603744 1502160 1402016 2303312 2904176 3004320 2703888 1902736 31845792 1
 1902736 2203168 701008 1301872 1001440 2303312 901296 2303312 1702448 1001440 2103024 2203168 1602304 1602304 2603744 28641184 1
 2103024 1902736 1201728 1502160 1101584 2403456 901296 2904176 1402016 1402016 1902736 2403456 1602304 1502160 1902736 28741328 1
 1902736 600864 1502160 701008 1201728 2303312 200288 2703888 1702448 1402016 1402016 1201728 400576 2203168 701008 23934416 0
 1902736 801152 1402016 801152 1001440 2002880 801152 2203168 1602304 1402016 1301872 1301872 200288 2103024 901296 23333552 0
 1902736 701008 1201728 1001440 901296 2103024 500720 2603744 1101584 1702448 1101584 1101584 901296 1502160 1301872 23533840 0
 2103024 701008 1101584 1101584 901296 2203168 801152 2203168 1902736 1402016 1301872 901296 600864 1802592 1301872 25937296 0
 2103024 701008 1502160 1201728 701008 1802592 801152 2303312 1502160 1702448 1101584 1402016 1101584 1802592 701008 24435136 0
 1702448 701008 1101584 901296 701008 2002880 500720 2303312 901296 1802592 801152 1201728 701008 1602304 1001440 21130384 0
 2203168 500720 1301872 1201728 701008 2203168 701008 2103024 1201728 1702448 901296 1301872 400576 1602304 1001440 22632544 0
 1802592 600864 1301872 701008 1101584 2103024 801152 2203168 2002880 1702448 1101584 1402016 901296 1402016 1201728 23633984 0
 1902736 701008 1201728 1201728 600864 2203168 500720 2103024 1502160 1602304 901296 1201728 500720 1702448 1201728 22031680 0
 1902736 801152 1301872 701008 1201728 1902736 600864 2103024 1101584 1602304 1201728 1201728 400576 1702448 1001440 22031680 0
 1902736 701008 1001440 801152 1001440 1902736 500720 2603744 901296 1902736 1001440 1201728 500720 1602304 901296 22031680 0
 2002880 801152 701008 1001440 1001440 1802592 701008 2002880 1001440 1502160 1101584 901296 300432 1902736 600864 20529520 0
 1902736 701008 1402016 1001440 1201728 1301872 1001440 2103024 1001440 1702448 901296 1201728 0 2103024 701008 21631104 0
 1802592 701008 1602304 1001440 1101584 1702448 901296 1802592 1201728 1402016 1201728 1001440 600864 1902736 1001440 22231968 0
 1902736 701008 1201728 901296 1201728 1502160 1201728 1802592 1201728 1402016 1201728 1001440 0 2303312 300432 21631104 0
 2002880 701008 1101584 901296 1001440 1802592 600864 2103024 1001440 1502160 1101584 901296 300432 2203168 600864 21530960 0
 2203168 500720 1101584 801152 801152 2002880 400576 2002880 1402016 1402016 1402016 500720 901296 1702448 1001440 21130384 0
 1502160 801152 1402016 901296 1101584 2103024 500720 2403456 1402016 1702448 1201728 1101584 1001440 1802592 1502160 26638304 0
